biden_palin.txt.0000	0.2770380305542934	0.001828283968038344	0.04003028453615248	0.17698932025434314	0.09138909698715263	0.0336043992183811	0.012738103815040324	0.11849016223225652	0.17860044440057565	0.06929187403376613
biden_palin.txt.0004	0.1037803106196281	0.060216344979753526	0.12137183376699323	0.10050635022643799	0.060079660250423016	0.0807382550092415	0.07752342809721605	0.097633488253126	0.0680656589080613	0.2300846698891194
biden_palin.txt.0005	0.10501815651446225	0.003952104561914558	0.050054506346718576	0.5088544125545803	0.006749044340487141	0.008104904225648257	0.07242985414972615	0.09339108720799481	0.010079090106801428	0.14136683999166624
biden_palin.txt.0006	0.11974629337675527	0.043435938660071394	0.006689178122758332	0.015014710114538683	0.006265018410407066	0.01456245008927045	0.3421523398846954	0.05602917638857077	0.0015572252298177898	0.39454766972311467
biden_palin.txt.0008	0.14745300229546343	0.14743426858286054	0.03339181802784784	0.03291021211692425	0.012241376923978881	0.0038371299405270762	0.1991466341924692	0.030870329456557457	0.003544627867559865	0.3891706005958113
biden_palin.txt.0009	0.022943067851805738	0.11653008934151747	0.025697426910211266	0.4508377754052392	0.016100722183707006	0.012641437707335055	0.06568899754252863	0.01528677650712724	0.05082043663725928	0.22345326991326878
biden_palin.txt.0010	0.01970829240245371	0.06684504428952033	0.050252098517460035	0.18283452300228725	0.07046464168085229	0.10490015904841028	0.04289658880588275	0.04823586127291191	0.031199664378566895	0.3826631266016543
biden_palin.txt.0012	0.37730969437913825	0.00315529239682399	0.006359795241679686	0.009746840890016506	0.005388321072924956	0.019911961450759238	0.15191476736969647	0.02527764101665825	0.005806781556602018	0.3951289046257003
biden_palin.txt.0014	0.25217220256808254	0.0028591164807033947	0.014053995017937637	0.07639081243984869	0.007603712595374462	0.006990238981928608	0.10543009530796607	0.014581953633309153	0.014948045806150542	0.5049698271686988
biden_palin.txt.0015	0.2386547612006757	0.09483057503319602	0.10427326772749229	0.0557553424004982	0.005459779343961043	0.011222289683873976	0.10417366122098959	0.10988632311166155	0.03726668601292639	0.23847731426472527
biden_palin.txt.0016	0.1322757041007377	0.012376941854866812	0.017571237056667934	0.11021038642274923	0.02325895290415258	0.03953843612682608	0.39512365121664234	0.16443447980017278	0.005781216575728595	0.09942899394145606
biden_palin.txt.0017	0.004851165348543979	0.14070708258417652	0.02965474226004018	0.01868719898569249	0.06076313053012342	0.01176783078911433	0.1974723885849565	0.06251856783826189	0.009177016742793882	0.46440087633629684
biden_palin.txt.0019	0.2280096941684485	0.05333425989411682	0.01564390602733295	0.004042117978191729	0.011524902076399966	0.02590928682829825	0.3305615408945396	0.17399233201338887	0.0024081337112432767	0.15457382640803985
biden_palin.txt.0020	0.31748242417384415	0.03945446771925317	0.06758787006230568	0.10823983535029502	0.016266776221651735	0.03343550416264429	0.13674315498559725	0.02643460529791664	0.09945640575112383	0.15489895627536787
biden_palin.txt.0021	0.10575888887736346	0.012071602383271055	0.02288833589818844	0.01969602760917893	0.00308612361066596	0.008838330518538955	0.7362333607054048	0.010628432550763107	0.005891901581119938	0.07490699626550522
biden_palin.txt.0023	0.4085358574178719	0.008810103987267318	0.03964693760829086	0.00669656456779165	0.01080215378886994	0.003774074510513767	0.29339746392816307	0.04653105528106075	0.0031816995338434643	0.17862408937632673
biden_palin.txt.0024	0.06801827115488307	0.02795153101428535	0.13571898158008838	0.06649854747353767	0.02788808399749372	0.037477496179631635	0.03598522138003608	0.04532001196448715	0.03159506570211346	0.5235467895534434
biden_palin.txt.0025	0.16872316905985538	0.11672581374837479	0.01966254691178948	0.0046981254981415125	0.026789666346071044	0.009769391719464183	0.32936936718186555	0.016554469236308676	0.03915360278754595	0.268553847510583
biden_palin.txt.0026	0.018928787847825753	0.04436522038605792	0.06585009054396124	0.13341529051942458	0.003581369593459435	0.004812835663747541	0.5831264845639	0.01601389217782381	0.006605899206440282	0.123300129497359
biden_palin.txt.0027	0.06950088686596864	0.005745216734003155	0.012576026574961945	0.03330275406178355	0.0014927869821831532	0.011566412386794856	0.7433825674356912	0.020484271926966	0.004877988631889037	0.09707108839975821
biden_palin.txt.0029	0.06504595180455645	0.027790314486813544	0.09713612768767417	0.003366164655558069	0.0048759187833473635	0.00556781766689014	0.6898909547731953	0.00899740105419106	0.0022796590937526405	0.09504968999402089
biden_palin.txt.0030	0.27704506085485026	0.01476553867080194	0.11362712395142445	0.05609463673478798	0.03569846268400893	0.019797678304002957	0.29157309943815585	0.034423747336362186	0.016690254433385357	0.14028439759221953
biden_palin.txt.0031	0.06444457071318026	0.17320877817819416	0.04763475945002205	0.003410109967042608	0.004939573949280411	0.005640505579306012	0.5262812512888085	0.006213748992788604	0.002309420064829355	0.1659172818165477
biden_palin.txt.0033	0.01850736624212369	0.22459877887646074	0.019315145636702166	0.018357030326232232	0.010611299469906172	0.0037073935101780034	0.6317614698799676	0.030003894135324533	0.003125484716914576	0.04001213720618972
biden_palin.txt.0034	0.0684593229286228	0.024609450859928186	0.016736091013208394	0.003323337560341508	0.009054822196254086	0.0026696867891842124	0.7814824844623699	0.06260148732103633	0.003664301687039938	0.02739901518201436
biden_palin.txt.0035	0.09300502303010781	0.006113500513528547	0.02534371629062203	0.4008450112127917	0.006099623514464014	0.02121836785432053	0.12506292563055818	0.04463594674464668	0.04163405514950328	0.23604183005945717
biden_palin.txt.0036	0.035117835761491314	0.034014310735163866	0.006323383421415307	0.0036289060880029334	0.0015218864418281436	0.004211123046005713	0.6506600298750169	0.032796198933322904	0.004973077104013027	0.22675324859373963
biden_palin.txt.0040	0.18959505306659247	0.06711382690234904	0.02970851606507839	0.017275050786370413	0.00538166712862406	0.004867141804393129	0.45581205477485154	0.02119066136632295	0.012537047961733168	0.19651898014368452
biden_palin.txt.0041	0.37769206119766385	0.013492532023246196	0.04635432038838651	0.0512584538465323	0.03262073004468925	0.08514671343626969	0.15148226112254629	0.02187650159170996	0.015251308972823821	0.20482511737613157
biden_palin.txt.0042	0.10734904636499655	0.010946038043491224	0.025174022567801886	0.007549675601738593	0.017358573528595645	0.044601583879027226	0.25310118703157186	0.039447890293522477	0.005112847528705485	0.48935913516054896
biden_palin.txt.0044	0.3283608728654904	0.005114528196913007	0.04298968485950624	0.015799008869349762	0.005102918759268073	0.01775119515296466	0.4931662355990186	0.01555499981211981	0.0166748370626593	0.059485718822710136
biden_palin.txt.0045	0.21311468033531786	0.0072456853484693775	0.01974865889662415	0.012093683027568147	0.02266208838429233	0.05086930313231811	0.4980351201457491	0.011747998580675855	0.013334457398871754	0.15114832475011325
biden_palin.txt.0046	0.16594589457802514	0.12306344837811815	0.008936389619219354	0.0739999965962145	0.003681252484889042	0.004420803496795782	0.16653641033480618	0.11062862961906934	0.0024366626824928687	0.3403505122103695
biden_palin.txt.0047	0.1739966075359849	0.010032675241777984	0.02734480889545311	0.30166490085864783	0.010009902130916732	0.013451840897482683	0.35481960230411896	0.016266764126831403	0.018463440540716348	0.07394945746806948
biden_palin.txt.0048	0.27194622792417356	0.014272633684179907	0.019368686098422683	0.037211007195818824	0.021170342611105834	0.0021722242090794564	0.34140389373804614	0.008377937697844296	0.002981505121202297	0.2810955417201267
biden_palin.txt.0050	0.10819257852535429	0.030913764807145337	0.014546811326457488	0.010839561816883907	0.0035010679337569945	0.17909866944101901	0.3582877553096251	0.005689470838534791	0.02389715612620147	0.26503316387502135
biden_palin.txt.0051	0.013080181132259809	0.07205774221219018	0.060723498206141084	0.0047841734096621645	0.006929916797874335	0.05675426987398819	0.6487982376255055	0.010752546814224356	0.003239973541228274	0.12287946038692554
biden_palin.txt.0052	0.06478509224427158	0.00798508065959848	0.03877165134180663	0.05301246700183326	0.08733629234005506	0.03338337339205913	0.04429554305499412	0.041293030029726556	0.009025950955879684	0.6201115189797755
biden_palin.txt.0053	0.1026878657870778	0.12380745150396416	0.012730881939165325	0.016855833971041224	0.006348785078049841	0.04332736805557847	0.15717030994243733	0.0038568666353839378	0.0018699906442839788	0.5313446464430178
biden_palin.txt.0054	0.06801827115488308	0.02795153101428535	0.1555639773239175	0.284793500655658	0.08742307122898108	0.05732249192346075	0.05583021712386519	0.06516500770831628	0.03159506570211346	0.16633686616451937
biden_palin.txt.0055	0.1704734413829355	0.1468347336627973	0.005516822202531429	0.035290279177004384	0.002272597358342793	0.11327436039658714	0.4070456976178749	0.024833649611222565	0.005283581194279352	0.08917483739642405
biden_palin.txt.0056	0.33710075919538063	0.3071170776480815	0.06475247994735678	0.05586276075475755	0.008395310519278547	0.02323017318141029	0.07654742522066076	0.013642944176928096	0.00951124456847189	0.10383982478767374
biden_palin.txt.0058	0.32600321582466163	0.02795153101428535	0.056338998604771894	0.06649854747353766	0.04773307974132284	0.037477496179631635	0.03598522138003608	0.06516500770831628	0.03159506570211346	0.30525183637132314
biden_palin.txt.0059	0.1445101488823561	0.24402852006425269	0.00919967644414705	0.03544691009292305	0.0032355745982643445	0.018682658002687286	0.4732550348022705	0.027285388684924437	0.002141663445355941	0.042214424982818306
biden_palin.txt.0060	0.05720954247291439	0.35415819031100887	0.06252640928611411	0.043298543411322075	0.018158493102493622	0.08900973432833671	0.036352178681243796	0.13288058339403291	0.05933661264694208	0.14706971236559088
biden_palin.txt.0063	0.028098878755745144	0.01630378408580524	0.11388923732920152	0.03878778444995126	0.016266776221651735	0.07973687142954014	0.044140420451805565	0.04958528893136456	0.04157969666750403	0.5716112616774305
biden_palin.txt.0067	0.05602036069222273	0.40817848621334923	0.03935847803052934	0.023061422527303567	0.01962774607517568	0.04316964295580298	0.108258311727467	0.01555499981211981	0.005781216575728595	0.28098933539030113
biden_palin.txt.0068	0.038659850846684406	0.010032675241777988	0.12706662961388507	0.21618905452856338	0.07411678687848014	0.013451840897482687	0.1838679096439499	0.044758712903526246	0.225030069171754	0.06682647027389578
biden_palin.txt.0069	0.02241646708881896	0.1017486570646981	0.4488513703496449	0.04753129024689046	0.044021847224044744	0.014229159122415408	0.1565923456275961	0.004119297865531591	0.0028717884454671316	0.1576177769648922
biden_palin.txt.0070	0.27687464073557244	0.12157161567995924	0.0625264092861141	0.04329854341132208	0.018158493102493626	0.050245305223161764	0.17848841873355195	0.029508772446899752	0.020572183541767156	0.1987556178391575
biden_palin.txt.0071	0.04306891053539007	0.004079490635622121	0.5332723552927562	0.03277643579508409	0.00407407535697291	0.1082139823159807	0.02339691063559829	0.037743998838312434	0.02302220560592857	0.19035163498835408
biden_palin.txt.0072	0.12181692431487265	0.01819980473282607	0.29511298391716373	0.09498444888488866	0.018158493102493626	0.06316678159155344	0.023430702312852155	0.029508772446899752	0.020572183541767156	0.31504890515468226
biden_palin.txt.0073	0.10501815651446225	0.003952104561914559	0.41762879987312684	0.045879157349562244	0.11617955920712777	0.005298993588042087	0.010699820122390409	0.01763149999262824	0.010079090106801433	0.2676328186839439
biden_palin.txt.0075	0.0354943436390196	0.020594847217511474	0.6410090356025652	0.04899650844542325	0.020548099094249005	0.04223553846432813	0.02651411602575211	0.03339204288406914	0.023279424323115215	0.10793604430396676
biden_palin.txt.0076	0.031366589736131115	0.03112128110121773	0.04960493291772246	0.04329854341132208	0.031079969470885274	0.11485268706512003	0.0363521786812438	0.08119467792046632	0.059336612646942094	0.5217925270489487
biden_palin.txt.0077	0.28598045288975277	0.012421606785513356	0.03385602100523397	0.02073274893020606	0.012393411052911207	0.49288514244424125	0.015991763379401596	0.037778282526921586	0.01404078661428368	0.0739197843715341
biden_palin.txt.0078	0.34035977010700186	0.009104110088926672	0.02360890976912077	0.016963296099938293	0.0037535551757446276	0.2587899572685307	0.12503872285325615	0.03013884869005574	0.004252490863295502	0.18799033908412935
biden_palin.txt.0079	0.18794223699870535	0.029723715147782215	0.005476474223306337	0.03732880164098762	0.00849802460044501	0.4415368234258727	0.06522749202508925	0.008263460554114723	0.0030712218389809826	0.21293174954471555
biden_palin.txt.0081	0.23974408481439838	0.009043231681300853	0.01234051248470856	0.00322080740098279	0.004234271055965493	0.27382843358765835	0.1872501792763501	0.0031562184000419945	0.0024914608951125015	0.2646908004034803
biden_palin.txt.0083	0.2543600684725388	0.001603492533996681	0.059015836588751036	0.06187554991693474	0.0038767443345741823	0.2696847257448787	0.06354043249296103	0.033337904395467674	0.0040894023633591585	0.24861584315653718
biden_palin.txt.0085	0.3216506433429082	0.010341416143831512	0.18263634929155387	0.015844566546222114	0.028483479993683402	0.1226824009888091	0.1826005618671002	0.004583672711961989	0.0036182671381979207	0.12755864197573094
biden_palin.txt.0086	0.02294306785180574	0.009428258932990576	0.01900356250967833	0.18308319938392198	0.009406857783174074	0.6619462845590293	0.012138082338265185	0.021980640907660172	0.010657250234061699	0.0494127954994126
biden_palin.txt.0087	0.055719790211003796	0.02875130193872425	0.0049255825307773	0.0030163280537257265	0.0018030697987080205	0.7004043351638676	0.022855441256790794	0.024742024482300423	0.005891901581119937	0.1518902249829815
biden_palin.txt.0088	0.10946851622394842	0.013492532023246196	0.027195495747406838	0.022520216885062803	0.01346190540370958	0.7078085142681091	0.017370488635688575	0.02187650159170996	0.015251308972823821	0.051554520248294225
biden_palin.txt.0089	0.08905948926970654	0.0027703230769807186	0.07573000807369867	0.007304999617100941	0.026921497914705415	0.6474518492729534	0.02163965885790889	0.02563140360864306	0.0018312740604823786	0.10165949624781938
biden_palin.txt.0090	0.14790957605178565	0.008892530398975354	0.08105883487305864	0.3557718691526868	0.04675339614013357	0.22026891093203294	0.01776188584094484	0.020731666243953027	0.010051688477102583	0.09079964188932618
biden_palin.txt.0091	0.14743223829039537	0.004646096899780801	0.16751646905654627	0.021896421180679054	0.002710881927829301	0.2775677810350942	0.007356065298932127	0.014050603226730431	0.010787412069135261	0.34603603101487695
biden_palin.txt.0093	0.2639531643671808	0.01819980473282607	0.07544788565450576	0.03037706704293044	0.08276587494445188	0.06316678159155341	0.023430702312852155	0.029508772446899752	0.020572183541767156	0.3925777633650322
biden_palin.txt.0094	0.11091387942338499	0.0027703230769807194	0.00901660655194342	0.09702302235325455	0.003916876700307059	0.3299880765142561	0.013588041432869463	0.008377937697844293	0.005281967242642132	0.4191232690065168
biden_palin.txt.0095	0.2109572140631608	0.020594847217511477	0.04151089498674945	0.06361841431410167	0.02054809909424901	0.40778318518128903	0.05575792776310899	0.06263585462142601	0.02327942432311522	0.09331413843528835
biden_palin.txt.0097	0.03369707837203643	0.010719894268131133	0.029217875898229512	0.10922321978425069	0.04875005207136179	0.33403098917813595	0.03663364759025313	0.017381006294125586	0.019728150832412344	0.36061808571106285
biden_palin.txt.0098	0.09646933283453916	0.002248585482322427	0.014110929025949988	0.014928222865116678	0.005436377684697886	0.6288225757923445	0.006087759018960033	0.005242256326262112	0.002541692833014642	0.22411226813679216
biden_palin.txt.0100	0.15375242148066534	0.0023979643166474247	0.009795942961785582	0.053117682372297435	0.006377295783788699	0.4907339255247374	0.0037966453301048948	0.005260602883688703	0.005567647375580682	0.26919987197070316
biden_palin.txt.0101	0.25103168799878917	0.01819980473282607	0.04960493291772246	0.05622001977971374	0.018158493102493626	0.34743926169616973	0.0880380841548104	0.029508772446899752	0.020572183541767156	0.12122675962880759
biden_palin.txt.0102	0.12947981450877086	0.023494723639865912	0.0069287199017739965	0.07782307266931693	0.002012191552048944	0.03277322636422511	0.004028282877224403	0.07486312737405465	0.0037115227094018477	0.6448853184033171
biden_palin.txt.0104	0.3080662581556953	0.005868782170181084	0.006917684880552726	0.017911956716919968	0.0034242883578819304	0.24339867046678187	0.009291916591558267	0.0177482156476794	0.0038794567479065547	0.3834927702648427
biden_palin.txt.0105	0.15369428205493454	0.08297423123074973	0.06031325517219762	0.02073274893020606	0.021212489108565758	0.43997067411031393	0.015991763379401596	0.046597360582576124	0.01404078661428368	0.14447240881677048
biden_palin.txt.0106	0.00522723234062732	0.0288733115537711	0.010420006494591589	0.005062328694193451	0.005179467163329567	0.6759149592878205	0.006058079174478297	0.009224347639436805	0.012041787868886399	0.2419984797828645
biden_palin.txt.0108	0.12366203144165253	0.06332707129225115	0.07286744602058667	0.039516088432673506	0.0030261071796745627	0.3636777616578451	0.025438319027373327	0.009224347639436803	0.0034283479342663873	0.2958324793742396
biden_palin.txt.0109	0.05771083048648824	0.04055347492292765	0.04780142663218912	0.22479839600447335	0.023661943487323738	0.3348767673615762	0.0305320464019604	0.038452249428282806	0.026807171808177127	0.17480569346660138
biden_palin.txt.0110	0.19708657732984694	0.051848179067731794	0.03785824945417706	0.09739262000276816	0.001186513649849377	0.3781594812130972	0.09778304620598981	0.004461112775339819	0.002188545296270144	0.13203567500492983
biden_palin.txt.0112	0.021380770160170856	0.07889821316001933	0.1031661733939341	0.17660497607094472	0.009802499414534649	0.33647580631077223	0.03112725730721394	0.006573868633565893	0.004583004337186248	0.23138743121165772
biden_palin.txt.0114	0.22976109097970582	0.00795650783842124	0.011295656634046667	0.1268723111254641	0.01028336332128331	0.2658520700918986	0.03924763311972298	0.026339750233808017	0.0060507693642134095	0.2763408472914356
biden_palin.txt.0115	0.0330647639647113	0.1358527684703312	0.030037225546373097	0.06353651627631288	0.007229238409668914	0.549864785645142	0.024761054257297514	0.047757981854797155	0.008190174073997284	0.09970549150136852
biden_palin.txt.0116	0.09307045730178036	0.08300901177005994	0.024363211685882364	0.023818744902127355	0.020532674957713083	0.4762304970512431	0.09015413625274615	0.002547661607392975	0.0017761146209627644	0.1844974898500914
biden_palin.txt.0118	0.23956027333966695	0.001603492533996681	0.08633853529559136	0.012922381400512486	0.0015998527756708224	0.24236202703803836	0.24796864876413321	0.013984326144789113	0.008643185481165879	0.14501727722643426
biden_palin.txt.0119	0.04817327541105394	0.04779652675811447	0.056338998604771894	0.126033534705025	0.06757807548515196	0.05732249192346075	0.03598522138003608	0.06516500770831628	0.03159506570211346	0.46401180232195605
biden_palin.txt.0120	0.04817327541105394	0.10733151398960182	0.09602899009243014	0.10618853896119589	0.02788808399749372	0.05732249192346075	0.03598522138003608	0.04532001196448715	0.03159506570211346	0.44416680657812696
biden_palin.txt.0122	0.24674443379403327	0.001894687378701144	0.01861599215969626	0.12153893949223021	0.005925950516992691	0.2029734084355792	0.05893714331810458	0.005762381335097634	0.003486851404720114	0.3341202121648443
biden_palin.txt.0124	0.36699170959466787	0.011646431684531073	0.006113286527281581	0.013675768628813463	0.003026107179674563	0.24524296255682	0.0039047191908232947	0.026451227508676834	0.016348507836196405	0.3065992792925147
biden_palin.txt.0125	0.14316932458766837	0.04505780331565893	0.053883305346436955	0.09205435227786472	0.03778378022006019	0.025013608810918467	0.20630089610984337	0.02644862029905051	0.005781216575728595	0.3645070924567699
biden_palin.txt.0126	0.103636082868176	0.015018381052474234	0.04569458495489608	0.005577392453024587	0.0014647794454896558	0.3407251775302397	0.2614298399545966	0.008634335481236707	0.0235483793711885	0.19427104688867744
biden_palin.txt.0128	0.0765299448211922	0.004344397146426317	0.055626765494399585	0.09623342020602638	0.031395369086491	0.007014028758098976	0.20168691040457382	0.016745776003085345	0.05337770099568214	0.45704568708402427
biden_palin.txt.0129	0.12238243532488849	0.05464287986225485	0.013629975235238345	0.005487743863496729	0.005614726118899948	0.05576339598464737	0.5527977253818925	0.026339750233808013	0.003716450763021731	0.15962491723185157
biden_palin.txt.0130	0.08063230427387917	0.14449744407497506	0.006814016496281812	0.007722702555321749	0.00426932186421493	0.0708008184826288	0.22153960061518366	0.08392703927284097	0.0063758478376293795	0.37342090452704446
biden_palin.txt.0132	0.009126666231119879	0.3513231720851152	0.05072496470246653	0.027454144824176758	0.0058537480302233835	0.002045192251808094	0.12000698529659999	0.10427191514184438	0.04937465838506425	0.27981855305158143
biden_palin.txt.0133	0.3167673288198155	0.0167583640438899	0.033624732514259355	0.22789112088456423	0.0069093457218256885	0.02895174597635092	0.033498680572191096	0.016144801029093877	0.032411008025230545	0.2870428724127788
biden_palin.txt.0134	0.039046267331425404	0.012421606785513356	0.2631520504522522	0.4969629639355516	0.012393411052911207	0.03429308355020472	0.015991763379401596	0.028959204471267038	0.01404078661428368	0.08273886242718864
biden_palin.txt.0135	0.04817327541105394	0.02795153101428535	0.15556397732391752	0.04665355172970855	0.06757807548515198	0.037477496179631635	0.03598522138003608	0.20407997791512006	0.03159506570211346	0.3449418278589814
biden_palin.txt.0136	0.2399434705590227	0.024566591586461094	0.05133384618403664	0.1708710474356287	0.028866426983534595	0.014833444305734609	0.10726599840626345	0.004917627672126799	0.00558170791792139	0.3518198389492697
biden_palin.txt.0138	0.17673934588523008	0.006033634273286206	0.0053982636069671045	0.1007941223989011	0.013839163871037109	0.00880030616503745	0.03214370683488768	0.002547661607392976	0.02855015896766667	0.6251536363895933
biden_palin.txt.0139	0.11039482815000125	0.00588366058241836	0.03692273099866087	0.5695751345491525	0.06017487448135002	0.012066104216033545	0.015929262221386607	0.009539640882422663	0.006650606815613678	0.17286315710296074
biden_palin.txt.0140	0.10039060363395166	0.03194194635752676	0.09502456798549354	0.2183933750299321	0.03608133698807072	0.008060919257480023	0.10533646642093035	0.03997528612758061	0.005373431148923095	0.3594220670501108
biden_palin.txt.0142	0.04018639737629564	0.0034047566956828153	0.04076807773268647	0.3751123085734435	0.055705149357593874	0.11576138899849281	0.00821797060622231	0.02867397665824375	0.005077947964656295	0.3270920260366822
biden_palin.txt.0143	0.33587220396121426	0.021774149391933756	0.011429390368341355	0.11816431435489809	0.005657604972152485	0.007602991612789353	0.007300256533292015	0.202438065016658	0.006409633620862084	0.2833513901678588
biden_palin.txt.0144	0.1031883397972748	0.015909097547264016	0.14236988521093166	0.06433149727235958	0.004271219658965274	0.03382667370674613	0.20051891804928978	0.07396199304921033	0.00251320159104015	0.35910917411691784
biden_palin.txt.0146	0.031366589736131115	0.031121281101217722	0.10129083839128906	0.03037706704293044	0.018158493102493626	0.02440235248637846	0.06219513141802711	0.28793829981473273	0.020572183541767156	0.3925777633650322
biden_palin.txt.0147	0.09633978409598282	0.11195492188304101	0.12074222946888327	0.04101655791796297	0.022311347366041644	0.02489967353387706	0.13843508922333989	0.060750755282616684	0.0027018114506365187	0.38084782977761783
biden_palin.txt.0149	0.3792714649289195	0.0017663774557053575	0.007322575503262584	0.09449685443914406	0.004270549222363563	0.012401089188802547	0.0060363327851142255	0.051773500965476164	0.008267081223636273	0.43439417428757576
biden_palin.txt.0151	0.2522093305658386	0.052484586052574556	0.01788731854298142	0.02480468691295238	0.002555045375787049	0.02962480507806108	0.4183314989928988	0.008799429597323145	0.0048779886318890365	0.18842531024969322
biden_palin.txt.0152	0.07985082765198945	0.015026021997433822	0.09829544153786113	0.13412463092036472	0.09000050163314163	0.020070555870267008	0.009588975392391274	0.014600674566627673	0.12131302071423879	0.4171293497156846
biden_palin.txt.0153	0.02382898566892382	0.012196994609891808	0.1042064671902364	0.13396020475215262	0.28779811265035204	0.024497741492710792	0.0026303155396452467	0.0033126357753417153	0.002309420064829355	0.4052591222559161
biden_palin.txt.0155	0.07985592170845676	0.007582670141896619	0.07368360793770856	0.05736401850045668	0.023057299142814538	0.05312867889322006	0.16824029349148098	0.01252806726104301	0.004458435720664005	0.5201010072022585
biden_palin.txt.0156	0.04302466105340453	0.009428258932990576	0.01900356250967833	0.3905929958004428	0.02948845098477286	0.012641437707335055	0.012138082338265185	0.048756098509791894	0.024044979035127555	0.41088147312819084
biden_palin.txt.0157	0.19104994998168684	0.017767269177269084	0.04988462837125026	0.24391925208462517	0.009171509630294988	0.01845459020773302	0.002596419261575194	0.006133673822892646	0.0022796590937526405	0.45874304836892005
biden_palin.txt.0159	0.1942896019024612	0.013354656195228992	0.05881384263301073	0.0581876419679171	0.0018030697987080214	0.003706115270707199	0.38211050860501355	0.031157293542090122	0.002042740145246124	0.25453452993961667
biden_palin.txt.0160	0.1670914964571255	0.020594847217511477	0.08537661259278476	0.06361841431410167	0.035170004962927444	0.027613632595649706	0.04113602189443055	0.03339204288406915	0.2133642006159349	0.3126427264654648
biden_palin.txt.0161	0.11091387942338501	0.0027703230769807203	0.30577622021768225	0.09587279129253466	0.007367569882466816	0.020575921180598148	0.07570051871174507	0.021030479365763393	0.015634046789121395	0.34435825005972226
biden_palin.txt.0163	0.11545178866519601	0.12352540591656526	0.17874923035793966	0.0021133742725393872	0.0012633113031175604	0.09878590969540155	0.1967054800350183	0.029920876381669854	0.013117778198480338	0.2403668451740719
biden_palin.txt.0164	0.42751030197581585	0.004800743340850683	0.009676359847473988	0.1511667620146699	0.008198272380476586	0.006436850994822817	0.012997401611252313	0.0895860513815706	0.23719951215551424	0.05242774429755291
